0 0.24214285714285713 0.6428571428571429 0.47 0.3980952380952381
0 0.7314285714285714 0.6485714285714286 0.48857142857142855 0.38666666666666666
0 0.7285714285714285 0.42 0.44285714285714284 0.26476190476190475
0 0.6771428571428572 0.259047619047619 0.3742857142857143 0.17142857142857143
0 0.6685714285714286 0.16095238095238096 0.3342857142857143 0.16952380952380952
0 0.6585714285714286 0.0838095238095238 0.2857142857142857 0.14095238095238094
0 0.36857142857142855 0.0838095238095238 0.28285714285714286 0.09523809523809523
0 0.34785714285714286 0.16857142857142857 0.30142857142857143 0.10476190476190476
0 0.30214285714285716 0.26095238095238094 0.3985714285714286 0.16380952380952382
0 0.28714285714285714 0.41333333333333333 0.41714285714285715 0.259047619047619
